x	y	z	vz
-994.606	-930.436	0.227	-10.081
-993.729	-929.778	-0.022	-10.095
-992.851	-929.118	-0.273	-10.108
-991.974	-928.457	-0.524	-10.122
-991.096	-927.795	-0.776	-10.135
-990.219	-927.132	-1.03	-10.148
-989.341	-926.467	-1.284	-10.162
-988.464	-925.801	-1.539	-10.175
-987.586	-925.134	-1.795	-10.188
-986.709	-924.465	-2.053	-10.201
-985.831	-923.795	-2.311	-10.215
-984.954	-923.124	-2.57	-10.228
-984.076	-922.452	-2.831	-10.241
-983.199	-921.779	-3.092	-10.254
-982.321	-921.104	-3.355	-10.268
-981.444	-920.428	-3.618	-10.281
-980.566	-919.751	-3.883	-10.294
-979.689	-919.072	-4.148	-10.307
-978.811	-918.392	-4.415	-10.32
-977.934	-917.711	-4.682	-10.333
-977.056	-917.029	-4.951	-10.346
-976.179	-916.345	-5.22	-10.359
-975.301	-915.661	-5.491	-10.372
-974.424	-914.975	-5.763	-10.385
-973.546	-914.287	-6.035	-10.398
-972.669	-913.599	-6.309	-10.411
-971.791	-912.909	-6.584	-10.424
-970.914	-912.218	-6.86	-10.437
-970.036	-911.525	-7.137	-10.45
-969.158	-910.832	-7.415	-10.463
-968.281	-910.137	-7.694	-10.476
-967.403	-909.441	-7.974	-10.488
-966.526	-908.744	-8.255	-10.501
-965.648	-908.045	-8.537	-10.514
-964.771	-907.345	-8.82	-10.527
-963.893	-906.644	-9.105	-10.539
-963.016	-905.942	-9.39	-10.552
-962.138	-905.238	-9.676	-10.565
-961.261	-904.533	-9.964	-10.577
-960.383	-903.827	-10.252	-10.59
-959.506	-903.12	-10.542	-10.602
-958.628	-902.411	-10.833	-10.615
-957.751	-901.701	-11.124	-10.628
-956.873	-900.99	-11.417	-10.64
-955.996	-900.278	-11.711	-10.652
-955.118	-899.564	-12.006	-10.665
-954.241	-898.849	-12.302	-10.677
-953.363	-898.133	-12.6	-10.69
-952.486	-897.416	-12.898	-10.702
-951.608	-896.697	-13.197	-10.714
-950.731	-895.977	-13.498	-10.726
-949.853	-895.256	-13.799	-10.739
-948.976	-894.533	-14.102	-10.751
-948.098	-893.81	-14.405	-10.763
-947.221	-893.085	-14.71	-10.775
-946.343	-892.359	-15.016	-10.787
-945.466	-891.631	-15.323	-10.799
-944.588	-890.902	-15.631	-10.811
-943.711	-890.173	-15.94	-10.823
-942.833	-889.441	-16.25	-10.835
-941.956	-888.709	-16.562	-10.847
-941.078	-887.975	-16.874	-10.859
-940.201	-887.24	-17.188	-10.871
-939.323	-886.504	-17.502	-10.883
-938.446	-885.767	-17.818	-10.894
-937.568	-885.028	-18.135	-10.906
-936.691	-884.288	-18.453	-10.918
-935.813	-883.547	-18.772	-10.929
-934.936	-882.804	-19.092	-10.941
-934.058	-882.06	-19.413	-10.953
-933.181	-881.315	-19.735	-10.964
-932.303	-880.569	-20.059	-10.975
-931.426	-879.822	-20.384	-10.987
-930.548	-879.073	-20.709	-10.998
-929.671	-878.323	-21.036	-11.01
-928.793	-877.572	-21.364	-11.021
-927.916	-876.819	-21.693	-11.032
-927.038	-876.065	-22.023	-11.043
-926.161	-875.31	-22.354	-11.055
-925.283	-874.554	-22.687	-11.066
-924.406	-873.796	-23.02	-11.077
-923.528	-873.038	-23.355	-11.088
-922.651	-872.278	-23.69	-11.099
-921.773	-871.516	-24.027	-11.11
-920.896	-870.754	-24.365	-11.121
-920.018	-869.99	-24.704	-11.131
-919.141	-869.225	-25.044	-11.142
-918.263	-868.458	-25.386	-11.153
-917.386	-867.691	-25.728	-11.164
-916.508	-866.922	-26.072	-11.174
-915.631	-866.152	-26.416	-11.185
-914.753	-865.381	-26.762	-11.195
-913.876	-864.608	-27.109	-11.206
-912.998	-863.834	-27.457	-11.216
-912.121	-863.059	-27.806	-11.227
-911.243	-862.283	-28.156	-11.237
-910.366	-861.505	-28.507	-11.247
-909.488	-860.726	-28.86	-11.257
-908.611	-859.946	-29.213	-11.268
-907.733	-859.165	-29.568	-11.278
-906.856	-858.382	-29.924	-11.288
-905.978	-857.598	-30.281	-11.298
-905.101	-856.813	-30.639	-11.308
-904.223	-856.027	-30.998	-11.318
-903.346	-855.239	-31.358	-11.327
-902.468	-854.45	-31.719	-11.337
-901.591	-853.66	-32.082	-11.347
-900.713	-852.869	-32.446	-11.357
-899.836	-852.076	-32.81	-11.366
-898.958	-851.282	-33.176	-11.376
-898.08	-850.487	-33.543	-11.385
-897.203	-849.691	-33.911	-11.394
-896.325	-848.893	-34.28	-11.404
-895.448	-848.094	-34.65	-11.413
-894.57	-847.294	-35.022	-11.422
-893.693	-846.492	-35.394	-11.431
-892.815	-845.69	-35.768	-11.44
-891.938	-844.886	-36.142	-11.449
-891.06	-844.081	-36.518	-11.458
-890.183	-843.274	-36.895	-11.467
-889.305	-842.466	-37.273	-11.476
-888.428	-841.657	-37.652	-11.485
-887.55	-840.847	-38.032	-11.494
-886.673	-840.036	-38.413	-11.502
-885.795	-839.223	-38.796	-11.511
-884.918	-838.409	-39.179	-11.519
-884.04	-837.594	-39.564	-11.528
-883.163	-836.777	-39.949	-11.536
-882.285	-835.96	-40.336	-11.544
-881.408	-835.141	-40.724	-11.552
-880.53	-834.32	-41.113	-11.56
-879.653	-833.499	-41.502	-11.568
-878.775	-832.676	-41.893	-11.576
-877.898	-831.852	-42.286	-11.584
-877.02	-831.027	-42.679	-11.592
-876.143	-830.2	-43.073	-11.6
-875.265	-829.373	-43.468	-11.608
-874.388	-828.544	-43.865	-11.615
-873.51	-827.713	-44.262	-11.623
-872.633	-826.882	-44.661	-11.63
-871.755	-826.049	-45.06	-11.637
-870.878	-825.215	-45.461	-11.645
-870.0	-824.38	-45.863	-11.652
-869.123	-823.543	-46.265	-11.659
-868.245	-822.705	-46.669	-11.666
-867.368	-821.866	-47.074	-11.673
-866.49	-821.026	-47.48	-11.68
-865.613	-820.184	-47.887	-11.687
-864.735	-819.342	-48.295	-11.693
-863.858	-818.497	-48.704	-11.7
-862.98	-817.652	-49.114	-11.706
-862.103	-816.806	-49.525	-11.713
-861.225	-815.958	-49.937	-11.719
-860.348	-815.109	-50.35	-11.726
-859.47	-814.258	-50.764	-11.732
-858.593	-813.407	-51.179	-11.738
-857.715	-812.554	-51.595	-11.744
-856.838	-811.7	-52.013	-11.75
-855.96	-810.844	-52.431	-11.756
-855.083	-809.988	-52.85	-11.761
-854.205	-809.13	-53.27	-11.767
-853.328	-808.271	-53.691	-11.772
-852.45	-807.41	-54.113	-11.778
-851.573	-806.549	-54.537	-11.783
-850.695	-805.686	-54.961	-11.789
-849.818	-804.822	-55.386	-11.794
-848.94	-803.956	-55.812	-11.799
-848.063	-803.09	-56.239	-11.804
-847.185	-802.222	-56.667	-11.809
-846.308	-801.353	-57.096	-11.814
-845.43	-800.482	-57.526	-11.818
-844.553	-799.611	-57.957	-11.823
-843.675	-798.738	-58.389	-11.827
-842.798	-797.863	-58.821	-11.832
-841.92	-796.988	-59.255	-11.836
-841.043	-796.111	-59.69	-11.84
-840.165	-795.233	-60.125	-11.844
-839.288	-794.354	-60.562	-11.848
-838.41	-793.474	-60.999	-11.852
-837.533	-792.592	-61.438	-11.856
-836.655	-791.709	-61.877	-11.86
-835.778	-790.825	-62.317	-11.863
-834.9	-789.939	-62.758	-11.867
-834.023	-789.053	-63.2	-11.87
-833.145	-788.165	-63.643	-11.874
-832.268	-787.276	-64.086	-11.877
-831.39	-786.385	-64.531	-11.88
-830.513	-785.493	-64.976	-11.883
-829.635	-784.6	-65.423	-11.886
-828.757	-783.706	-65.87	-11.888
-827.88	-782.811	-66.318	-11.891
-827.002	-781.914	-66.767	-11.894
-826.125	-781.016	-67.216	-11.896
-825.247	-780.117	-67.667	-11.898
-824.37	-779.216	-68.118	-11.9
-823.492	-778.314	-68.57	-11.903
-822.615	-777.411	-69.023	-11.904
-821.737	-776.507	-69.477	-11.906
-820.86	-775.602	-69.931	-11.908
-819.982	-774.695	-70.387	-11.91
-819.105	-773.787	-70.843	-11.911
-818.227	-772.877	-71.3	-11.913
-817.35	-771.967	-71.757	-11.914
-816.472	-771.055	-72.216	-11.915
-815.595	-770.142	-72.675	-11.916
-814.717	-769.228	-73.135	-11.917
-813.84	-768.312	-73.596	-11.918
-812.962	-767.395	-74.057	-11.918
-812.085	-766.477	-74.519	-11.919
-811.207	-765.558	-74.982	-11.919
-810.33	-764.637	-75.446	-11.92
-809.452	-763.716	-75.91	-11.92
-808.575	-762.792	-76.375	-11.92
-807.697	-761.868	-76.84	-11.92
-806.82	-760.943	-77.307	-11.919
-805.942	-760.016	-77.774	-11.919
-805.065	-759.088	-78.241	-11.919
-804.187	-758.158	-78.71	-11.918
-803.31	-757.228	-79.179	-11.917
-802.432	-756.296	-79.648	-11.917
-801.555	-755.363	-80.118	-11.916
-800.677	-754.428	-80.589	-11.915
-799.8	-753.493	-81.06	-11.913
-798.922	-752.556	-81.532	-11.912
-798.045	-751.618	-82.005	-11.91
-797.167	-750.678	-82.478	-11.909
-796.29	-749.738	-82.952	-11.907
-795.412	-748.796	-83.426	-11.905
-794.535	-747.853	-83.901	-11.903
-793.657	-746.908	-84.377	-11.901
-792.78	-745.962	-84.853	-11.899
-791.902	-745.016	-85.329	-11.896
-791.025	-744.067	-85.806	-11.894
-790.147	-743.118	-86.283	-11.891
-789.27	-742.167	-86.761	-11.888
-788.392	-741.215	-87.24	-11.885
-787.515	-740.262	-87.719	-11.882
-786.637	-739.308	-88.198	-11.879
-785.76	-738.352	-88.678	-11.875
-784.882	-737.395	-89.158	-11.872
-784.005	-736.437	-89.639	-11.868
-783.127	-735.477	-90.12	-11.864
-782.25	-734.517	-90.602	-11.86
-781.372	-733.555	-91.084	-11.856
-780.495	-732.592	-91.566	-11.852
-779.617	-731.627	-92.049	-11.848
-778.74	-730.661	-92.532	-11.843
-777.862	-729.694	-93.015	-11.838
-776.985	-728.726	-93.499	-11.834
-776.107	-727.757	-93.983	-11.829
-775.23	-726.786	-94.468	-11.824
-774.352	-725.814	-94.952	-11.818
-773.475	-724.841	-95.437	-11.813
-772.597	-723.866	-95.923	-11.807
-771.72	-722.89	-96.408	-11.802
-770.842	-721.913	-96.894	-11.796
-769.965	-720.935	-97.38	-11.79
-769.087	-719.956	-97.867	-11.783
-768.21	-718.975	-98.353	-11.777
-767.332	-717.993	-98.84	-11.771
-766.455	-717.01	-99.327	-11.764
-765.577	-716.025	-99.814	-11.757
-764.7	-715.039	-100.301	-11.75
-763.822	-714.052	-100.789	-11.743
-762.945	-713.064	-101.277	-11.736
-762.067	-712.074	-101.764	-11.729
-761.19	-711.084	-102.252	-11.721
-760.312	-710.091	-102.74	-11.713
-759.435	-709.098	-103.228	-11.705
-758.557	-708.104	-103.717	-11.697
-757.679	-707.108	-104.205	-11.689
-756.802	-706.111	-104.693	-11.681
-755.924	-705.112	-105.182	-11.672
-755.047	-704.113	-105.67	-11.664
-754.169	-703.112	-106.158	-11.655
-753.292	-702.11	-106.647	-11.646
-752.414	-701.107	-107.135	-11.637
-751.537	-700.102	-107.624	-11.627
-750.659	-699.096	-108.112	-11.618
-749.782	-698.089	-108.6	-11.608
-748.904	-697.081	-109.089	-11.598
-748.027	-696.071	-109.577	-11.588
-747.149	-695.06	-110.065	-11.578
-746.272	-694.048	-110.553	-11.568
-745.394	-693.035	-111.041	-11.558
-744.517	-692.02	-111.528	-11.547
-743.639	-691.004	-112.016	-11.536
-742.762	-689.987	-112.503	-11.525
-741.884	-688.969	-112.99	-11.514
-741.007	-687.949	-113.477	-11.503
-740.129	-686.928	-113.964	-11.491
-739.252	-685.906	-114.451	-11.48
-738.374	-684.882	-114.937	-11.468
-737.497	-683.858	-115.423	-11.456
-736.619	-682.832	-115.909	-11.444
-735.742	-681.805	-116.394	-11.431
-734.864	-680.776	-116.879	-11.419
-733.987	-679.747	-117.364	-11.406
-733.109	-678.716	-117.849	-11.393
-732.232	-677.683	-118.333	-11.38
-731.354	-676.65	-118.817	-11.367
-730.477	-675.615	-119.3	-11.354
-729.599	-674.579	-119.783	-11.34
-728.722	-673.542	-120.266	-11.327
-727.844	-672.504	-120.748	-11.313
-726.967	-671.464	-121.23	-11.299
-726.089	-670.423	-121.711	-11.285
-725.212	-669.381	-122.192	-11.27
-724.334	-668.337	-122.672	-11.256
-723.457	-667.292	-123.152	-11.241
-722.579	-666.246	-123.631	-11.226
-721.702	-665.199	-124.11	-11.211
-720.824	-664.151	-124.588	-11.196
-719.947	-663.101	-125.066	-11.18
-719.069	-662.05	-125.543	-11.164
-718.192	-660.998	-126.019	-11.149
-717.314	-659.944	-126.495	-11.133
-716.437	-658.889	-126.97	-11.116
-715.559	-657.833	-127.444	-11.1
-714.682	-656.776	-127.918	-11.084
-713.804	-655.718	-128.391	-11.067
-712.927	-654.658	-128.863	-11.05
-712.049	-653.597	-129.335	-11.033
-711.172	-652.535	-129.806	-11.016
-710.294	-651.471	-130.276	-10.998
-709.417	-650.406	-130.745	-10.981
-708.539	-649.34	-131.214	-10.963
-707.662	-648.273	-131.681	-10.945
-706.784	-647.204	-132.148	-10.927
-705.907	-646.134	-132.614	-10.908
-705.029	-645.063	-133.08	-10.89
-704.152	-643.991	-133.544	-10.871
-703.274	-642.917	-134.007	-10.852
-702.397	-641.843	-134.47	-10.833
-701.519	-640.767	-134.931	-10.814
-700.642	-639.689	-135.392	-10.795
-699.764	-638.611	-135.851	-10.775
-698.887	-637.531	-136.31	-10.755
-698.009	-636.45	-136.767	-10.735
-697.132	-635.367	-137.224	-10.715
-696.254	-634.284	-137.679	-10.695
-695.377	-633.199	-138.134	-10.674
-694.499	-632.113	-138.587	-10.654
-693.622	-631.025	-139.04	-10.633
-692.744	-629.937	-139.491	-10.612
-691.867	-628.847	-139.941	-10.59
-690.989	-627.756	-140.389	-10.569
-690.112	-626.663	-140.837	-10.547
-689.234	-625.57	-141.284	-10.525
-688.357	-624.475	-141.729	-10.503
-687.479	-623.379	-142.173	-10.481
-686.601	-622.281	-142.616	-10.459
-685.724	-621.183	-143.057	-10.436
-684.846	-620.083	-143.497	-10.413
-683.969	-618.981	-143.936	-10.39
-683.091	-617.879	-144.374	-10.367
-682.214	-616.775	-144.81	-10.344
-681.336	-615.67	-145.245	-10.321
-680.459	-614.564	-145.679	-10.297
-679.581	-613.457	-146.111	-10.273
-678.704	-612.348	-146.542	-10.249
-677.826	-611.238	-146.971	-10.225
-676.949	-610.127	-147.399	-10.2
-676.071	-609.014	-147.825	-10.176
-675.194	-607.901	-148.25	-10.151
-674.316	-606.786	-148.674	-10.126
-673.439	-605.67	-149.096	-10.101
-672.561	-604.552	-149.516	-10.075
-671.684	-603.433	-149.935	-10.05
-670.806	-602.313	-150.352	-10.024
-669.929	-601.192	-150.768	-9.998
-669.051	-600.07	-151.182	-9.972
-668.174	-598.946	-151.594	-9.946
-667.296	-597.821	-152.005	-9.919
-666.419	-596.695	-152.414	-9.893
-665.541	-595.567	-152.821	-9.866
-664.664	-594.438	-153.227	-9.839
-663.786	-593.308	-153.631	-9.811
-662.909	-592.177	-154.033	-9.784
-662.031	-591.045	-154.433	-9.756
-661.154	-589.911	-154.832	-9.729
-660.276	-588.776	-155.229	-9.701
-659.399	-587.639	-155.624	-9.673
-658.521	-586.502	-156.017	-9.644
-657.644	-585.363	-156.408	-9.616
-656.766	-584.223	-156.798	-9.587
-655.889	-583.082	-157.186	-9.558
-655.011	-581.939	-157.571	-9.529
-654.134	-580.795	-157.955	-9.5
-653.256	-579.65	-158.337	-9.47
-652.379	-578.504	-158.717	-9.441
-651.501	-577.356	-159.094	-9.411
-650.624	-576.208	-159.47	-9.381
-649.746	-575.058	-159.844	-9.351
-648.869	-573.906	-160.216	-9.32
-647.991	-572.754	-160.586	-9.29
-647.114	-571.6	-160.953	-9.259
-646.236	-570.445	-161.319	-9.228
-645.359	-569.288	-161.682	-9.197
-644.481	-568.131	-162.044	-9.166
-643.604	-566.972	-162.403	-9.134
-642.726	-565.812	-162.76	-9.103
-641.849	-564.65	-163.115	-9.071
-640.971	-563.488	-163.468	-9.039
-640.094	-562.324	-163.818	-9.007
-639.216	-561.159	-164.166	-8.975
-638.339	-559.992	-164.512	-8.942
-637.461	-558.825	-164.856	-8.909
-636.584	-557.656	-165.197	-8.877
-635.706	-556.486	-165.537	-8.843
-634.829	-555.314	-165.873	-8.81
-633.951	-554.142	-166.208	-8.777
-633.074	-552.968	-166.54	-8.743
-632.196	-551.793	-166.87	-8.709
-631.319	-550.616	-167.197	-8.676
-630.441	-549.439	-167.522	-8.641
-629.564	-548.26	-167.845	-8.607
-628.686	-547.079	-168.165	-8.573
-627.809	-545.898	-168.482	-8.538
-626.931	-544.715	-168.798	-8.503
-626.054	-543.531	-169.11	-8.468
-625.176	-542.346	-169.421	-8.433
-624.299	-541.16	-169.728	-8.398
-623.421	-539.972	-170.033	-8.362
-622.544	-538.783	-170.336	-8.327
-621.666	-537.593	-170.636	-8.291
-620.789	-536.401	-170.933	-8.255
-619.911	-535.209	-171.228	-8.219
-619.034	-534.015	-171.52	-8.182
-618.156	-532.819	-171.81	-8.146
-617.278	-531.623	-172.097	-8.109
-616.401	-530.425	-172.381	-8.072
-615.523	-529.226	-172.663	-8.035
-614.646	-528.026	-172.941	-7.998
-613.768	-526.824	-173.218	-7.961
-612.891	-525.622	-173.491	-7.923
-612.013	-524.418	-173.762	-7.886
-611.136	-523.212	-174.03	-7.848
-610.258	-522.006	-174.295	-7.81
-609.381	-520.798	-174.557	-7.772
-608.503	-519.589	-174.817	-7.733
-607.626	-518.379	-175.073	-7.695
-606.748	-517.167	-175.327	-7.656
-605.871	-515.955	-175.578	-7.618
-604.993	-514.74	-175.826	-7.579
-604.116	-513.525	-176.072	-7.54
-603.238	-512.309	-176.314	-7.5
-602.361	-511.091	-176.554	-7.461
-601.483	-509.872	-176.79	-7.421
-600.606	-508.651	-177.024	-7.382
-599.728	-507.43	-177.254	-7.342
-598.851	-506.207	-177.482	-7.302
-597.973	-504.983	-177.707	-7.262
-597.096	-503.758	-177.929	-7.221
-596.218	-502.531	-178.147	-7.181
-595.341	-501.303	-178.363	-7.14
-594.463	-500.074	-178.576	-7.099
-593.586	-498.844	-178.785	-7.058
-592.708	-497.612	-178.992	-7.017
-591.831	-496.379	-179.195	-6.976
-590.953	-495.145	-179.396	-6.935
-590.076	-493.91	-179.593	-6.893
-589.198	-492.673	-179.787	-6.852
-588.321	-491.435	-179.979	-6.81
-587.443	-490.196	-180.167	-6.768
-586.566	-488.956	-180.351	-6.726
-585.688	-487.714	-180.533	-6.684
-584.811	-486.471	-180.711	-6.641
-583.933	-485.227	-180.887	-6.599
-583.056	-483.982	-181.059	-6.556
-582.178	-482.735	-181.228	-6.513
-581.301	-481.487	-181.393	-6.47
-580.423	-480.238	-181.556	-6.427
-579.546	-478.988	-181.715	-6.384
-578.668	-477.736	-181.871	-6.341
-577.791	-476.483	-182.024	-6.297
-576.913	-475.229	-182.173	-6.254
-576.036	-473.974	-182.319	-6.21
-575.158	-472.717	-182.462	-6.166
-574.281	-471.459	-182.601	-6.122
-573.403	-470.2	-182.738	-6.078
-572.526	-468.939	-182.87	-6.034
-571.648	-467.678	-183.0	-5.99
-570.771	-466.415	-183.126	-5.945
-569.893	-465.15	-183.249	-5.901
-569.016	-463.885	-183.368	-5.856
-568.138	-462.618	-183.484	-5.811
-567.261	-461.35	-183.597	-5.766
-566.383	-460.081	-183.706	-5.721
-565.506	-458.811	-183.812	-5.676
-564.628	-457.539	-183.915	-5.631
-563.751	-456.266	-184.014	-5.586
-562.873	-454.992	-184.109	-5.54
-561.996	-453.716	-184.201	-5.494
-561.118	-452.439	-184.29	-5.449
-560.241	-451.161	-184.375	-5.403
-559.363	-449.882	-184.457	-5.357
-558.486	-448.602	-184.535	-5.311
-557.608	-447.32	-184.61	-5.265
-556.731	-446.037	-184.681	-5.219
-555.853	-444.753	-184.749	-5.172
-554.976	-443.467	-184.814	-5.126
-554.098	-442.18	-184.874	-5.079
-553.221	-440.892	-184.932	-5.032
-552.343	-439.603	-184.985	-4.986
-551.466	-438.312	-185.036	-4.939
-550.588	-437.021	-185.082	-4.892
-549.711	-435.728	-185.125	-4.845
-548.833	-434.433	-185.165	-4.798
-547.956	-433.138	-185.201	-4.75
-547.078	-431.841	-185.233	-4.703
-546.2	-430.543	-185.262	-4.656
-545.323	-429.244	-185.287	-4.608
-544.445	-427.943	-185.309	-4.561
-543.568	-426.641	-185.327	-4.513
-542.69	-425.338	-185.341	-4.465
-541.813	-424.034	-185.352	-4.417
-540.935	-422.728	-185.359	-4.369
-540.058	-421.421	-185.363	-4.321
-539.18	-420.113	-185.363	-4.273
-538.303	-418.804	-185.359	-4.225
-537.425	-417.493	-185.352	-4.177
-536.548	-416.181	-185.341	-4.129
-535.67	-414.868	-185.326	-4.08
-534.793	-413.554	-185.308	-4.032
-533.915	-412.238	-185.286	-3.983
-533.038	-410.921	-185.261	-3.935
-532.16	-409.603	-185.232	-3.886
-531.283	-408.284	-185.199	-3.837
-530.405	-406.963	-185.162	-3.788
-529.528	-405.641	-185.122	-3.739
-528.65	-404.318	-185.078	-3.69
-527.773	-402.994	-185.031	-3.641
-526.895	-401.668	-184.979	-3.592
-526.018	-400.341	-184.924	-3.543
-525.14	-399.013	-184.866	-3.494
-524.263	-397.684	-184.804	-3.445
-523.385	-396.353	-184.738	-3.396
-522.508	-395.021	-184.668	-3.346
-521.63	-393.688	-184.595	-3.297
-520.753	-392.353	-184.517	-3.247
-519.875	-391.018	-184.437	-3.198
-518.998	-389.681	-184.352	-3.148
-518.12	-388.343	-184.264	-3.099
-517.243	-387.003	-184.172	-3.049
-516.365	-385.662	-184.077	-2.999
-515.488	-384.32	-183.977	-2.95
-514.61	-382.977	-183.874	-2.9
-513.733	-381.633	-183.767	-2.85
-512.855	-380.287	-183.657	-2.8
-511.978	-378.94	-183.543	-2.751
-511.1	-377.592	-183.425	-2.701
-510.223	-376.242	-183.303	-2.651
-509.345	-374.892	-183.178	-2.601
-508.468	-373.54	-183.049	-2.551
-507.59	-372.186	-182.916	-2.501
-506.713	-370.832	-182.78	-2.451
-505.835	-369.476	-182.64	-2.401
-504.958	-368.119	-182.496	-2.351
-504.08	-366.761	-182.348	-2.3
-503.203	-365.401	-182.197	-2.25
-502.325	-364.04	-182.042	-2.2
-501.448	-362.678	-181.883	-2.15
-500.57	-361.315	-181.721	-2.1
-499.693	-359.951	-181.554	-2.05
-498.815	-358.585	-181.384	-1.999
-497.938	-357.218	-181.211	-1.949
-497.06	-355.849	-181.034	-1.899
-496.183	-354.48	-180.853	-1.849
-495.305	-353.109	-180.668	-1.798
-494.428	-351.737	-180.479	-1.748
-493.55	-350.364	-180.287	-1.698
-492.673	-348.989	-180.091	-1.648
-491.795	-347.613	-179.892	-1.597
-490.918	-346.236	-179.689	-1.547
-490.04	-344.858	-179.482	-1.497
-489.163	-343.478	-179.271	-1.447
-488.285	-342.098	-179.057	-1.396
-487.408	-340.715	-178.839	-1.346
-486.53	-339.332	-178.617	-1.296
-485.653	-337.947	-178.392	-1.246
-484.775	-336.562	-178.163	-1.195
-483.898	-335.175	-177.93	-1.145
-483.02	-333.786	-177.694	-1.095
-482.143	-332.397	-177.454	-1.045
-481.265	-331.006	-177.21	-0.995
-480.388	-329.614	-176.963	-0.945
-479.51	-328.22	-176.712	-0.894
-478.633	-326.826	-176.457	-0.844
-477.755	-325.43	-176.199	-0.794
-476.878	-324.032	-175.937	-0.744
-476.0	-322.634	-175.672	-0.694
-475.122	-321.234	-175.402	-0.644
-474.245	-319.834	-175.13	-0.594
-473.367	-318.431	-174.853	-0.544
-472.49	-317.028	-174.573	-0.495
-471.612	-315.623	-174.289	-0.445
-470.735	-314.217	-174.002	-0.395
-469.857	-312.81	-173.711	-0.345
-468.98	-311.402	-173.417	-0.295
-468.102	-309.992	-173.119	-0.246
-467.225	-308.581	-172.817	-0.196
-466.347	-307.169	-172.512	-0.147
-465.47	-305.755	-172.203	-0.097
-464.592	-304.341	-171.891	-0.048
-463.715	-302.925	-171.575	0.002
-462.837	-301.508	-171.255	0.051
-461.96	-300.089	-170.932	0.101
-461.082	-298.669	-170.606	0.15
-460.205	-297.248	-170.276	0.199
-459.327	-295.826	-169.942	0.248
-458.45	-294.403	-169.605	0.297
-457.572	-292.978	-169.264	0.346
-456.695	-291.552	-168.92	0.395
-455.817	-290.125	-168.572	0.444
-454.94	-288.696	-168.221	0.493
-454.062	-287.267	-167.866	0.542
-453.185	-285.836	-167.508	0.591
-452.307	-284.403	-167.146	0.639
-451.43	-282.97	-166.781	0.688
-450.552	-281.535	-166.413	0.736
-449.675	-280.099	-166.041	0.785
-448.797	-278.662	-165.665	0.833
-447.92	-277.223	-165.286	0.881
-447.042	-275.783	-164.904	0.929
-446.165	-274.342	-164.518	0.978
-445.287	-272.9	-164.129	1.026
-444.41	-271.457	-163.736	1.073
-443.532	-270.012	-163.34	1.121
-442.655	-268.566	-162.941	1.169
-441.777	-267.118	-162.538	1.217
-440.9	-265.67	-162.132	1.264
-440.022	-264.22	-161.723	1.312
-439.145	-262.769	-161.31	1.359
-438.267	-261.317	-160.894	1.406
-437.39	-259.863	-160.474	1.454
-436.512	-258.408	-160.051	1.501
-435.635	-256.952	-159.625	1.548
-434.757	-255.495	-159.196	1.594
-433.88	-254.036	-158.763	1.641
-433.002	-252.576	-158.327	1.688
-432.125	-251.115	-157.887	1.734
-431.247	-249.653	-157.445	1.781
-430.37	-248.189	-156.999	1.827
-429.492	-246.724	-156.55	1.873
-428.615	-245.258	-156.098	1.92
-427.737	-243.791	-155.642	1.966
-426.86	-242.322	-155.183	2.011
-425.982	-240.852	-154.721	2.057
-425.105	-239.381	-154.256	2.103
-424.227	-237.909	-153.788	2.148
-423.35	-236.435	-153.316	2.194
-422.472	-234.96	-152.841	2.239
-421.595	-233.484	-152.363	2.284
-420.717	-232.007	-151.882	2.329
-419.84	-230.528	-151.398	2.374
-418.962	-229.048	-150.911	2.419
-418.085	-227.567	-150.421	2.463
-417.207	-226.085	-149.927	2.508
-416.33	-224.601	-149.43	2.552
-415.452	-223.116	-148.931	2.596
-414.575	-221.63	-148.428	2.64
-413.697	-220.142	-147.922	2.684
-412.82	-218.654	-147.413	2.728
-411.942	-217.164	-146.901	2.772
-411.065	-215.672	-146.387	2.815
-410.187	-214.18	-145.869	2.858
-409.31	-212.686	-145.348	2.902
-408.432	-211.191	-144.824	2.945
-407.555	-209.695	-144.297	2.987
-406.677	-208.198	-143.767	3.03
-405.799	-206.699	-143.234	3.073
-404.922	-205.199	-142.699	3.115
-404.044	-203.698	-142.16	3.157
-403.167	-202.195	-141.619	3.199
-402.289	-200.691	-141.074	3.241
-401.412	-199.186	-140.527	3.283
-400.534	-197.68	-139.977	3.325
-399.657	-196.173	-139.424	3.366
-398.779	-194.664	-138.868	3.407
-397.902	-193.154	-138.309	3.449
-397.024	-191.643	-137.747	3.49
-396.147	-190.13	-137.183	3.53
-395.269	-188.616	-136.616	3.571
-394.392	-187.101	-136.046	3.611
-393.514	-185.585	-135.473	3.651
-392.637	-184.068	-134.898	3.692
-391.759	-182.549	-134.319	3.731
-390.882	-181.029	-133.738	3.771
-390.004	-179.507	-133.155	3.811
-389.127	-177.985	-132.568	3.85
-388.249	-176.461	-131.979	3.889
-387.372	-174.936	-131.388	3.928
-386.494	-173.41	-130.793	3.967
-385.617	-171.882	-130.196	4.005
-384.739	-170.353	-129.597	4.044
-383.862	-168.823	-128.994	4.082
-382.984	-167.292	-128.39	4.12
-382.107	-165.759	-127.782	4.158
-381.229	-164.225	-127.172	4.195
-380.352	-162.69	-126.559	4.233
-379.474	-161.154	-125.944	4.27
-378.597	-159.616	-125.327	4.307
-377.719	-158.077	-124.707	4.344
-376.842	-156.537	-124.084	4.38
-375.964	-154.996	-123.459	4.417
-375.087	-153.453	-122.831	4.453
-374.209	-151.909	-122.201	4.489
-373.332	-150.364	-121.569	4.525
-372.454	-148.818	-120.934	4.56
-371.577	-147.27	-120.296	4.595
-370.699	-145.721	-119.657	4.631
-369.822	-144.171	-119.015	4.665
-368.944	-142.62	-118.37	4.7
-368.067	-141.067	-117.723	4.735
-367.189	-139.513	-117.074	4.769
-366.312	-137.958	-116.423	4.803
-365.434	-136.402	-115.769	4.837
-364.557	-134.844	-115.113	4.87
-363.679	-133.285	-114.455	4.904
-362.802	-131.725	-113.794	4.937
-361.924	-130.164	-113.132	4.97
-361.047	-128.601	-112.467	5.002
-360.169	-127.037	-111.8	5.035
-359.292	-125.472	-111.13	5.067
-358.414	-123.905	-110.459	5.099
-357.537	-122.338	-109.785	5.131
-356.659	-120.769	-109.109	5.162
-355.782	-119.198	-108.432	5.193
-354.904	-117.627	-107.752	5.224
-354.027	-116.054	-107.07	5.255
-353.149	-114.48	-106.386	5.285
-352.272	-112.905	-105.699	5.316
-351.394	-111.329	-105.011	5.346
-350.517	-109.751	-104.321	5.376
-349.639	-108.172	-103.629	5.405
-348.762	-106.592	-102.935	5.434
-347.884	-105.01	-102.239	5.463
-347.007	-103.427	-101.541	5.492
-346.129	-101.843	-100.841	5.521
-345.252	-100.258	-100.139	5.549
-344.374	-98.671	-99.436	5.577
-343.497	-97.084	-98.73	5.605
-342.619	-95.495	-98.023	5.632
-341.742	-93.904	-97.314	5.659
-340.864	-92.313	-96.603	5.686
-339.987	-90.72	-95.89	5.713
-339.109	-89.126	-95.175	5.739
-338.232	-87.531	-94.459	5.766
-337.354	-85.934	-93.741	5.791
-336.477	-84.336	-93.021	5.817
-335.599	-82.737	-92.3	5.842
-334.721	-81.137	-91.577	5.867
-333.844	-79.535	-90.852	5.892
-332.966	-77.933	-90.126	5.917
-332.089	-76.329	-89.398	5.941
-331.211	-74.723	-88.668	5.965
-330.334	-73.117	-87.937	5.989
-329.456	-71.509	-87.205	6.012
-328.579	-69.9	-86.471	6.035
-327.701	-68.289	-85.735	6.058
-326.824	-66.678	-84.998	6.081
-325.946	-65.065	-84.259	6.103
-325.069	-63.451	-83.519	6.125
-324.191	-61.835	-82.778	6.147
-323.314	-60.219	-82.035	6.168
-322.436	-58.601	-81.291	6.189
-321.559	-56.982	-80.545	6.21
-320.681	-55.361	-79.798	6.23
-319.804	-53.74	-79.05	6.251
-318.926	-52.117	-78.3	6.271
-318.049	-50.493	-77.55	6.29
-317.171	-48.867	-76.797	6.31
-316.294	-47.241	-76.044	6.329
-315.416	-45.613	-75.29	6.347
-314.539	-43.984	-74.534	6.366
-313.661	-42.353	-73.777	6.384
-312.784	-40.722	-73.019	6.402
-311.906	-39.089	-72.26	6.419
-311.029	-37.455	-71.5	6.437
-310.151	-35.819	-70.739	6.454
-309.274	-34.182	-69.977	6.47
-308.396	-32.545	-69.214	6.486
-307.519	-30.905	-68.449	6.502
-306.641	-29.265	-67.684	6.518
-305.764	-27.623	-66.918	6.533
-304.886	-25.98	-66.151	6.549
-304.009	-24.336	-65.383	6.563
-303.131	-22.691	-64.614	6.578
-302.254	-21.044	-63.844	6.592
-301.376	-19.396	-63.074	6.606
-300.499	-17.747	-62.302	6.619
-299.621	-16.096	-61.53	6.632
-298.744	-14.444	-60.758	6.645
-297.866	-12.791	-59.984	6.657
-296.989	-11.137	-59.21	6.669
-296.111	-9.482	-58.435	6.681
-295.234	-7.825	-57.659	6.693
-294.356	-6.167	-56.883	6.704
-293.479	-4.508	-56.106	6.715
-292.601	-2.847	-55.329	6.725
-291.724	-1.185	-54.551	6.735
-290.846	0.478	-53.772	6.745
-289.969	2.142	-52.994	6.755
-289.091	3.807	-52.214	6.764
-288.214	5.474	-51.434	6.773
-287.336	7.142	-50.654	6.781
-286.459	8.811	-49.874	6.789
-285.581	10.482	-49.093	6.797
-284.704	12.154	-48.311	6.805
-283.826	13.827	-47.53	6.812
-282.949	15.501	-46.748	6.819
-282.071	17.177	-45.966	6.825
-281.194	18.854	-45.184	6.831
-280.316	20.532	-44.401	6.837
-279.439	22.211	-43.619	6.842
-278.561	23.891	-42.836	6.847
-277.684	25.573	-42.053	6.852
-276.806	27.256	-41.27	6.856
-275.929	28.941	-40.487	6.86
-275.051	30.626	-39.704	6.864
-274.174	32.313	-38.921	6.867
-273.296	34.001	-38.138	6.87
-272.419	35.691	-37.356	6.873
-271.541	37.381	-36.573	6.875
-270.664	39.073	-35.791	6.877
-269.786	40.766	-35.008	6.878
-268.909	42.461	-34.226	6.879
-268.031	44.156	-33.444	6.88
-267.154	45.853	-32.663	6.88
-266.276	47.551	-31.881	6.88
-265.399	49.251	-31.1	6.88
-264.521	50.951	-30.32	6.879
-263.643	52.653	-29.539	6.878
-262.766	54.356	-28.76	6.877
-261.888	56.061	-27.98	6.875
-261.011	57.766	-27.202	6.873
-260.133	59.473	-26.423	6.871
-259.256	61.181	-25.646	6.868
-258.378	62.891	-24.868	6.864
-257.501	64.602	-24.092	6.861
-256.623	66.313	-23.316	6.857
-255.746	68.027	-22.541	6.852
-254.868	69.741	-21.767	6.848
-253.991	71.457	-20.993	6.842
-253.113	73.174	-20.22	6.837
-252.236	74.892	-19.448	6.831
-251.358	76.611	-18.677	6.825
-250.481	78.332	-17.907	6.818
-249.603	80.054	-17.138	6.811
-248.726	81.777	-16.37	6.804
-247.848	83.502	-15.602	6.796
-246.971	85.227	-14.836	6.788
-246.093	86.954	-14.071	6.779
-245.216	88.683	-13.307	6.77
-244.338	90.412	-12.544	6.761
-243.461	92.143	-11.783	6.751
-242.583	93.875	-11.022	6.741
-241.706	95.608	-10.263	6.731
-240.828	97.343	-9.506	6.72
-239.951	99.078	-8.749	6.709
-239.073	100.815	-7.994	6.697
-238.196	102.554	-7.241	6.685
-237.318	104.293	-6.489	6.673
-236.441	106.034	-5.738	6.66
-235.563	107.776	-4.989	6.647
-234.686	109.519	-4.242	6.634
-233.808	111.264	-3.496	6.62
-232.931	113.01	-2.752	6.605
-232.053	114.757	-2.009	6.591
-231.176	116.505	-1.269	6.576
-230.298	118.255	-0.53	6.56
-229.421	120.005	0.207	6.544
-228.543	121.757	0.942	6.528
-227.666	123.511	1.676	6.511
-226.788	125.265	2.407	6.494
-225.911	127.021	3.136	6.477
-225.033	128.778	3.864	6.459
-224.156	130.536	4.589	6.441
-223.278	132.296	5.312	6.422
-222.401	134.057	6.033	6.403
-221.523	135.819	6.751	6.384
-220.646	137.582	7.468	6.364
-219.768	139.347	8.182	6.344
-218.891	141.113	8.893	6.324
-218.013	142.88	9.603	6.303
-217.136	144.648	10.309	6.281
-216.258	146.418	11.014	6.26
-215.381	148.189	11.716	6.237
-214.503	149.961	12.415	6.215
-213.626	151.734	13.112	6.192
-212.748	153.509	13.806	6.169
-211.871	155.285	14.497	6.145
-210.993	157.062	15.186	6.121
-210.116	158.84	15.871	6.097
-209.238	160.62	16.554	6.072
-208.361	162.401	17.234	6.046
-207.483	164.183	17.911	6.021
-206.606	165.966	18.585	5.995
-205.728	167.751	19.256	5.968
-204.851	169.537	19.924	5.942
-203.973	171.324	20.589	5.914
-203.096	173.113	21.251	5.887
-202.218	174.902	21.909	5.859
-201.341	176.693	22.564	5.83
-200.463	178.486	23.216	5.802
-199.586	180.279	23.864	5.773
-198.708	182.074	24.509	5.743
-197.831	183.87	25.151	5.713
-196.953	185.667	25.789	5.683
-196.076	187.465	26.423	5.652
-195.198	189.265	27.054	5.621
-194.32	191.066	27.681	5.59
-193.443	192.868	28.304	5.558
-192.565	194.672	28.924	5.526
-191.688	196.476	29.54	5.493
-190.81	198.282	30.151	5.46
-189.933	200.09	30.759	5.427
-189.055	201.898	31.363	5.393
-188.178	203.708	31.963	5.359
-187.3	205.519	32.559	5.324
-186.423	207.331	33.15	5.29
-185.545	209.145	33.738	5.254
-184.668	210.959	34.321	5.219
-183.79	212.775	34.9	5.183
-182.913	214.593	35.474	5.147
-182.035	216.411	36.044	5.11
-181.158	218.231	36.61	5.073
-180.28	220.052	37.171	5.035
-179.403	221.874	37.727	4.998
-178.525	223.698	38.279	4.959
-177.648	225.523	38.826	4.921
-176.77	227.349	39.369	4.882
-175.893	229.176	39.907	4.843
-175.015	231.005	40.439	4.803
-174.138	232.834	40.967	4.763
-173.26	234.666	41.49	4.723
-172.383	236.498	42.008	4.682
-171.505	238.331	42.521	4.641
-170.628	240.166	43.029	4.6
-169.75	242.002	43.531	4.558
-168.873	243.84	44.028	4.516
-167.995	245.678	44.52	4.474
-167.118	247.518	45.007	4.431
-166.24	249.359	45.488	4.388
-165.363	251.202	45.964	4.345
-164.485	253.045	46.434	4.301
-163.608	254.89	46.899	4.257
-162.73	256.736	47.358	4.213
-161.853	258.584	47.811	4.168
-160.975	260.432	48.259	4.123
-160.098	262.282	48.701	4.078
-159.22	264.133	49.137	4.032
-158.343	265.986	49.567	3.986
-157.465	267.839	49.991	3.94
-156.588	269.694	50.409	3.893
-155.71	271.55	50.821	3.846
-154.833	273.408	51.226	3.799
-153.955	275.266	51.626	3.751
-153.078	277.126	52.019	3.704
-152.2	278.987	52.406	3.655
-151.323	280.85	52.787	3.607
-150.445	282.714	53.161	3.558
-149.568	284.579	53.528	3.509
-148.69	286.445	53.89	3.46
-147.813	288.312	54.244	3.411
-146.935	290.181	54.592	3.361
-146.058	292.051	54.933	3.311
-145.18	293.922	55.267	3.26
-144.303	295.794	55.595	3.21
-143.425	297.668	55.916	3.159
-142.548	299.543	56.229	3.108
-141.67	301.419	56.536	3.056
-140.793	303.297	56.836	3.005
-139.915	305.176	57.128	2.953
-139.038	307.056	57.413	2.901
-138.16	308.937	57.691	2.848
-137.283	310.819	57.962	2.796
-136.405	312.703	58.226	2.743
-135.528	314.588	58.482	2.69
-134.65	316.474	58.731	2.637
-133.773	318.362	58.972	2.583
-132.895	320.25	59.205	2.529
-132.018	322.141	59.431	2.476
-131.14	324.032	59.65	2.421
-130.263	325.924	59.86	2.367
-129.385	327.818	60.063	2.313
-128.508	329.713	60.258	2.258
-127.63	331.609	60.445	2.203
-126.753	333.507	60.624	2.148
-125.875	335.406	60.795	2.093
-124.998	337.306	60.959	2.038
-124.12	339.207	61.114	1.982
-123.242	341.11	61.26	1.926
-122.365	343.013	61.399	1.87
-121.487	344.919	61.53	1.815
-120.61	346.825	61.652	1.758
-119.732	348.732	61.766	1.702
-118.855	350.641	61.871	1.646
-117.977	352.551	61.968	1.589
-117.1	354.463	62.057	1.533
-116.222	356.375	62.137	1.476
-115.345	358.289	62.208	1.419
-114.467	360.204	62.271	1.362
-113.59	362.121	62.325	1.305
-112.712	364.038	62.371	1.248
-111.835	365.957	62.408	1.191
-110.957	367.877	62.436	1.134
-110.08	369.798	62.455	1.076
-109.202	371.721	62.465	1.019
-108.325	373.645	62.466	0.962
-107.447	375.57	62.458	0.904
-106.57	377.496	62.442	0.847
-105.692	379.424	62.416	0.789
-104.815	381.353	62.381	0.732
-103.937	383.283	62.337	0.674
-103.06	385.215	62.284	0.617
-102.182	387.147	62.222	0.559
-101.305	389.081	62.15	0.502
-100.427	391.016	62.07	0.444
-99.55	392.953	61.98	0.387
-98.672	394.89	61.88	0.329
-97.795	396.829	61.772	0.272
-96.917	398.769	61.653	0.214
-96.04	400.711	61.526	0.157
-95.162	402.654	61.389	0.1
-94.285	404.598	61.243	0.043
-93.407	406.543	61.087	-0.014
-92.53	408.489	60.921	-0.071
-91.652	410.437	60.746	-0.128
-90.775	412.386	60.562	-0.185
-89.897	414.336	60.368	-0.242
-89.02	416.288	60.164	-0.298
-88.142	418.24	59.951	-0.354
-87.265	420.194	59.728	-0.411
-86.387	422.149	59.496	-0.467
-85.51	424.106	59.254	-0.523
-84.632	426.064	59.002	-0.578
-83.755	428.023	58.741	-0.634
-82.877	429.983	58.469	-0.689
-82.0	431.944	58.189	-0.744
-81.122	433.907	57.898	-0.799
-80.245	435.871	57.598	-0.854
-79.367	437.836	57.288	-0.909
-78.49	439.803	56.968	-0.963
-77.612	441.771	56.639	-1.017
-76.735	443.74	56.3	-1.071
-75.857	445.71	55.952	-1.124
-74.98	447.682	55.593	-1.177
-74.102	449.654	55.225	-1.23
-73.225	451.628	54.848	-1.283
-72.347	453.604	54.461	-1.335
-71.47	455.58	54.064	-1.387
-70.592	457.558	53.657	-1.438
-69.715	459.537	53.241	-1.49
-68.837	461.517	52.815	-1.541
-67.96	463.499	52.38	-1.591
-67.082	465.482	51.936	-1.641
-66.205	467.466	51.481	-1.691
-65.327	469.451	51.018	-1.74
-64.45	471.438	50.545	-1.789
-63.572	473.426	50.062	-1.838
-62.695	475.415	49.571	-1.886
-61.817	477.405	49.069	-1.933
-60.94	479.397	48.559	-1.981
-60.062	481.39	48.039	-2.027
-59.185	483.384	47.511	-2.073
-58.307	485.379	46.973	-2.119
-57.43	487.376	46.426	-2.164
-56.552	489.373	45.87	-2.209
-55.675	491.373	45.305	-2.253
-54.797	493.373	44.731	-2.297
-53.919	495.375	44.148	-2.34
-53.042	497.377	43.557	-2.382
-52.164	499.382	42.957	-2.424
-51.287	501.387	42.348	-2.465
-50.409	503.394	41.73	-2.506
-49.532	505.402	41.105	-2.546
-48.654	507.411	40.47	-2.586
-47.777	509.421	39.828	-2.624
-46.899	511.433	39.177	-2.663
-46.022	513.446	38.518	-2.7
-45.144	515.46	37.851	-2.737
-44.267	517.475	37.177	-2.773
-43.389	519.492	36.494	-2.808
-42.512	521.51	35.804	-2.843
-41.634	523.529	35.106	-2.877
-40.757	525.55	34.4	-2.91
-39.879	527.571	33.687	-2.943
-39.002	529.594	32.967	-2.975
-38.124	531.618	32.239	-3.006
-37.247	533.644	31.505	-3.036
-36.369	535.671	30.764	-3.065
-35.492	537.699	30.016	-3.094
-34.614	539.728	29.261	-3.122
-33.737	541.758	28.5	-3.148
-32.859	543.79	27.732	-3.175
-31.982	545.823	26.958	-3.2
-31.104	547.857	26.178	-3.224
-30.227	549.893	25.393	-3.248
-29.349	551.929	24.601	-3.27
-28.472	553.967	23.804	-3.292
-27.594	556.007	23.001	-3.313
-26.717	558.047	22.194	-3.332
-25.839	560.089	21.381	-3.351
-24.962	562.132	20.563	-3.369
-24.084	564.176	19.741	-3.386
-23.207	566.222	18.914	-3.402
-22.329	568.269	18.082	-3.417
-21.452	570.317	17.247	-3.431
-20.574	572.366	16.407	-3.444
-19.697	574.416	15.564	-3.456
-18.819	576.468	14.718	-3.467
-17.942	578.521	13.868	-3.477
-17.064	580.576	13.015	-3.486
-16.187	582.631	12.159	-3.494
-15.309	584.688	11.3	-3.501
-14.432	586.746	10.439	-3.507
-13.554	588.805	9.575	-3.511
-12.677	590.866	8.71	-3.515
-11.799	592.928	7.843	-3.518
-10.922	594.991	6.975	-3.519
-10.044	597.055	6.105	-3.519
-9.167	599.121	5.234	-3.518
-8.289	601.188	4.363	-3.516
-7.412	603.256	3.491	-3.513
-6.534	605.325	2.619	-3.509
-5.657	607.396	1.747	-3.503
-4.779	609.468	0.875	-3.497
-3.902	611.541	0.004	-3.489
-3.024	613.615	-0.866	-3.48
-2.147	615.691	-1.735	-3.47
-1.269	617.768	-2.602	-3.459
-0.392	619.846	-3.468	-3.446
0.486	621.925	-4.332	-3.433
1.363	624.006	-5.193	-3.418
2.241	626.088	-6.052	-3.402
3.118	628.171	-6.907	-3.385
3.996	630.255	-7.759	-3.366
4.873	632.341	-8.608	-3.347
5.751	634.428	-9.453	-3.326
6.628	636.516	-10.293	-3.304
7.506	638.605	-11.129	-3.28
8.383	640.696	-11.96	-3.256
9.261	642.788	-12.785	-3.23
10.138	644.881	-13.605	-3.203
11.016	646.976	-14.42	-3.175
11.893	649.071	-15.227	-3.146
12.771	651.168	-16.028	-3.115
13.648	653.266	-16.823	-3.084
14.526	655.366	-17.609	-3.051
15.403	657.467	-18.389	-3.017
16.281	659.569	-19.16	-2.981
17.159	661.672	-19.922	-2.945
18.036	663.776	-20.676	-2.907
18.914	665.882	-21.421	-2.868
19.791	667.989	-22.156	-2.828
20.669	670.097	-22.882	-2.787
21.546	672.207	-23.597	-2.745
22.424	674.317	-24.301	-2.701
23.301	676.429	-24.995	-2.656
24.179	678.543	-25.677	-2.611
25.056	680.657	-26.347	-2.564
25.934	682.773	-27.006	-2.516
26.811	684.89	-27.652	-2.466
27.689	687.008	-28.285	-2.416
28.566	689.128	-28.904	-2.365
29.444	691.248	-29.51	-2.313
30.321	693.37	-30.102	-2.259
31.199	695.494	-30.68	-2.205
32.076	697.618	-31.243	-2.149
32.954	699.744	-31.79	-2.093
33.831	701.871	-32.323	-2.035
34.709	703.999	-32.839	-1.977
35.586	706.129	-33.339	-1.918
36.464	708.26	-33.823	-1.858
37.341	710.392	-34.289	-1.796
38.219	712.525	-34.738	-1.734
39.096	714.66	-35.169	-1.672
39.974	716.796	-35.583	-1.608
40.851	718.933	-35.978	-1.543
41.729	721.071	-36.354	-1.478
42.606	723.211	-36.711	-1.412
43.484	725.351	-37.048	-1.345
44.361	727.493	-37.366	-1.278
45.239	729.637	-37.663	-1.21
46.116	731.781	-37.94	-1.141
46.994	733.927	-38.196	-1.072
47.871	736.074	-38.432	-1.002
48.749	738.223	-38.645	-0.931
49.626	740.372	-38.837	-0.86
50.504	742.523	-39.007	-0.789
51.381	744.675	-39.155	-0.717
52.259	746.829	-39.28	-0.645
53.136	748.983	-39.382	-0.572
54.014	751.139	-39.461	-0.499
54.891	753.296	-39.517	-0.426
55.769	755.455	-39.549	-0.353
56.646	757.614	-39.558	-0.279
57.524	759.775	-39.542	-0.205
58.401	761.938	-39.502	-0.131
59.279	764.101	-39.438	-0.057
60.156	766.266	-39.349	0.017
61.034	768.432	-39.236	0.091
61.911	770.599	-39.097	0.165
62.789	772.767	-38.933	0.239
63.666	774.937	-38.744	0.313
64.544	777.108	-38.53	0.386
65.421	779.28	-38.291	0.46
66.299	781.453	-38.026	0.533
67.176	783.628	-37.735	0.605
68.054	785.804	-37.419	0.678
68.931	787.981	-37.077	0.749
69.809	790.16	-36.709	0.821
70.686	792.339	-36.316	0.891
71.564	794.52	-35.898	0.961
72.441	796.703	-35.454	1.031
73.319	798.886	-34.984	1.099
74.196	801.071	-34.489	1.167
75.074	803.257	-33.969	1.234
75.951	805.444	-33.423	1.3
76.829	807.633	-32.853	1.366
77.706	809.822	-32.258	1.43
78.584	812.013	-31.638	1.493
79.461	814.206	-30.994	1.555
80.339	816.399	-30.326	1.615
81.216	818.594	-29.634	1.675
82.094	820.79	-28.919	1.733
82.971	822.987	-28.18	1.79
83.849	825.186	-27.419	1.845
84.726	827.386	-26.635	1.899
85.604	829.587	-25.829	1.952
86.481	831.789	-25.001	2.002
87.359	833.992	-24.152	2.051
88.237	836.197	-23.283	2.099
89.114	838.403	-22.394	2.144
89.992	840.611	-21.485	2.188
90.869	842.819	-20.557	2.23
91.747	845.029	-19.61	2.27
92.624	847.24	-18.646	2.307
93.502	849.452	-17.665	2.343
94.379	851.666	-16.668	2.377
95.257	853.881	-15.655	2.408
96.134	856.097	-14.627	2.438
97.012	858.314	-13.585	2.465
97.889	860.533	-12.53	2.489
98.767	862.753	-11.463	2.512
99.644	864.974	-10.384	2.532
100.522	867.196	-9.294	2.549
101.399	869.42	-8.195	2.564
102.277	871.645	-7.088	2.576
103.154	873.871	-5.972	2.586
104.032	876.098	-4.85	2.593
104.909	878.327	-3.723	2.598
105.787	880.557	-2.591	2.6
106.664	882.788	-1.456	2.599
107.542	885.02	-0.319	2.595
108.419	887.254	0.819	2.588
109.297	889.489	1.956	2.579
110.174	891.725	3.092	2.567
111.052	893.962	4.226	2.552
111.929	896.201	5.355	2.534
112.807	898.441	6.479	2.513
113.684	900.682	7.596	2.49
114.562	902.924	8.705	2.463
115.439	905.168	9.804	2.434
116.317	907.413	10.893	2.401
117.194	909.659	11.969	2.366
118.072	911.907	13.032	2.328
118.949	914.155	14.08	2.287
119.827	916.405	15.11	2.243
120.704	918.656	16.123	2.196
121.582	920.909	17.116	2.147
122.459	923.163	18.088	2.094
123.337	925.418	19.038	2.039
124.214	927.674	19.963	1.982
125.092	929.931	20.863	1.921
125.969	932.19	21.736	1.858
126.847	934.45	22.58	1.792
127.724	936.711	23.394	1.724
128.602	938.974	24.177	1.654
129.479	941.237	24.927	1.581
130.357	943.502	25.642	1.505
131.234	945.769	26.321	1.428
132.112	948.036	26.964	1.348
132.989	950.305	27.567	1.266
133.867	952.575	28.13	1.183
134.744	954.846	28.652	1.097
135.622	957.119	29.132	1.01
136.499	959.393	29.567	0.921
137.377	961.668	29.957	0.83
138.254	963.944	30.301	0.738
139.132	966.221	30.597	0.645
140.009	968.5	30.845	0.551
140.887	970.78	31.043	0.456
141.764	973.062	31.191	0.359
142.642	975.344	31.287	0.262
143.519	977.628	31.331	0.165
144.397	979.913	31.322	0.067
145.274	982.199	31.26	-0.031
146.152	984.487	31.143	-0.13
147.029	986.776	30.971	-0.228
147.907	989.066	30.744	-0.326
148.784	991.357	30.461	-0.423
149.662	993.65	30.123	-0.52
150.539	995.944	29.729	-0.616
151.417	998.239	29.279	-0.711
152.294	1000.535	28.773	-0.805
153.172	1002.833	28.211	-0.897
154.049	1005.131	27.595	-0.988
154.927	1007.432	26.923	-1.077
155.804	1009.733	26.197	-1.165
156.682	1012.036	25.417	-1.249
157.56	1014.339	24.585	-1.332
158.437	1016.645	23.701	-1.412
159.315	1018.951	22.767	-1.489
160.192	1021.259	21.783	-1.563
161.07	1023.567	20.751	-1.634
161.947	1025.878	19.673	-1.702
162.825	1028.189	18.549	-1.766
163.702	1030.502	17.383	-1.826
164.58	1032.816	16.177	-1.882
165.457	1035.131	14.931	-1.934
166.335	1037.447	13.649	-1.982
167.212	1039.765	12.333	-2.025
168.09	1042.084	10.986	-2.063
168.967	1044.404	9.61	-2.097
169.845	1046.725	8.208	-2.125
170.722	1049.048	6.783	-2.149
171.6	1051.372	5.34	-2.167
172.477	1053.697	3.88	-2.18
173.355	1056.024	2.407	-2.187
174.232	1058.351	0.925	-2.189
175.11	1060.68	-0.562	-2.185
175.987	1063.011	-2.05	-2.175
176.865	1065.342	-3.536	-2.159
177.742	1067.675	-5.015	-2.137
178.62	1070.009	-6.483	-2.11
179.497	1072.344	-7.937	-2.076
180.375	1074.68	-9.371	-2.037
181.252	1077.018	-10.781	-1.991
182.13	1079.357	-12.163	-1.94
183.007	1081.697	-13.512	-1.883
183.885	1084.039	-14.823	-1.82
184.762	1086.382	-16.093	-1.752
185.64	1088.726	-17.316	-1.677
186.517	1091.071	-18.488	-1.598
187.395	1093.417	-19.605	-1.513
188.272	1095.765	-20.662	-1.424
189.15	1098.114	-21.654	-1.329
190.027	1100.465	-22.577	-1.23
190.905	1102.816	-23.428	-1.126
191.782	1105.169	-24.201	-1.019
192.66	1107.523	-24.894	-0.908
193.537	1109.878	-25.502	-0.793
194.415	1112.235	-26.021	-0.675
195.292	1114.593	-26.45	-0.554
196.17	1116.952	-26.783	-0.431
197.047	1119.312	-27.019	-0.307
197.925	1121.673	-27.155	-0.18
198.802	1124.036	-27.189	-0.053
199.68	1126.4	-27.119	0.075
200.557	1128.766	-26.943	0.203
201.435	1131.132	-26.661	0.331
202.312	1133.5	-26.271	0.457
203.19	1135.869	-25.773	0.582
204.067	1138.24	-25.168	0.705
204.945	1140.611	-24.456	0.826
205.822	1142.984	-23.639	0.943
206.7	1145.358	-22.717	1.057
207.577	1147.733	-21.693	1.166
208.455	1150.11	-20.57	1.271
209.332	1152.488	-19.351	1.37
210.21	1154.867	-18.041	1.463
211.087	1157.247	-16.642	1.55
211.965	1159.629	-15.161	1.629
212.842	1162.012	-13.603	1.702
213.72	1164.396	-11.975	1.766
214.597	1166.781	-10.282	1.821
215.475	1169.168	-8.532	1.868
216.352	1171.556	-6.733	1.906
217.23	1173.945	-4.894	1.933
218.107	1176.336	-3.023	1.951
218.985	1178.727	-1.13	1.958
219.862	1181.12	0.775	1.955
220.74	1183.514	2.683	1.941
221.617	1185.91	4.582	1.916
222.495	1188.306	6.461	1.881
223.372	1190.704	8.31	1.834
224.25	1193.104	10.117	1.776
225.127	1195.504	11.87	1.708
226.005	1197.906	13.558	1.629
226.882	1200.309	15.169	1.54
227.76	1202.713	16.69	1.441
228.638	1205.118	18.112	1.332
229.515	1207.525	19.423	1.214
230.393	1209.933	20.611	1.088
231.27	1212.342	21.666	0.954
232.148	1214.753	22.579	0.814
233.025	1217.164	23.341	0.667
233.903	1219.577	23.942	0.514
234.78	1221.992	24.375	0.358
235.658	1224.407	24.634	0.198
236.535	1226.824	24.712	0.036
237.413	1229.242	24.607	-0.126
238.29	1231.661	24.313	-0.289
239.168	1234.082	23.831	-0.45
240.045	1236.503	23.159	-0.608
240.923	1238.926	22.299	-0.762
241.8	1241.351	21.254	-0.91
242.678	1243.776	20.028	-1.051
243.555	1246.203	18.629	-1.185
244.433	1248.631	17.063	-1.308
245.31	1251.06	15.342	-1.421
246.188	1253.491	13.477	-1.522
247.065	1255.923	11.482	-1.609
247.943	1258.356	9.372	-1.682
248.82	1260.79	7.165	-1.74
249.698	1263.226	4.879	-1.781
250.575	1265.662	2.535	-1.805
251.453	1268.101	0.156	-1.812
252.33	1270.54	-2.236	-1.8
253.208	1272.98	-4.617	-1.77
254.085	1275.422	-6.961	-1.721
254.963	1277.865	-9.242	-1.653
255.84	1280.31	-11.434	-1.567
256.718	1282.755	-13.51	-1.464
257.595	1285.202	-15.445	-1.343
258.473	1287.65	-17.213	-1.207
259.35	1290.1	-18.789	-1.056
260.228	1292.55	-20.149	-0.891
261.105	1295.002	-21.271	-0.715
261.983	1297.455	-22.137	-0.529
262.86	1299.91	-22.728	-0.335
263.738	1302.365	-23.03	-0.136
264.615	1304.822	-23.033	0.066
265.493	1307.28	-22.727	0.269
266.37	1309.74	-22.111	0.468
267.248	1312.2	-21.184	0.662
268.125	1314.662	-19.952	0.848
269.003	1317.125	-18.425	1.023
269.88	1319.59	-16.618	1.184
270.758	1322.055	-14.551	1.328
271.635	1324.522	-12.248	1.452
272.513	1326.99	-9.741	1.555
273.39	1329.46	-7.063	1.633
274.268	1331.93	-4.255	1.685
275.145	1334.402	-1.359	1.709
276.023	1336.876	1.578	1.704
276.9	1339.35	4.505	1.67
277.778	1341.826	7.37	1.606
278.655	1344.303	10.119	1.512
279.533	1346.781	12.698	1.39
280.41	1349.26	15.054	1.241
281.288	1351.741	17.135	1.067
282.165	1354.223	18.892	0.871
283.043	1356.706	20.28	0.656
283.92	1359.191	21.26	0.426
284.798	1361.676	21.799	0.186
285.675	1364.163	21.874	-0.06
286.553	1366.652	21.47	-0.306
287.43	1369.141	20.581	-0.547
288.308	1371.632	19.213	-0.777
289.185	1374.124	17.386	-0.991
290.063	1376.617	15.128	-1.182
290.94	1379.112	12.483	-1.346
291.818	1381.607	9.507	-1.477
292.695	1384.104	6.265	-1.571
293.573	1386.603	2.834	-1.625
294.45	1389.102	-0.697	-1.635
295.328	1391.603	-4.235	-1.6
296.205	1394.105	-7.68	-1.52
297.083	1396.608	-10.928	-1.395
297.96	1399.113	-13.879	-1.228
298.838	1401.619	-16.431	-1.023
299.716	1404.126	-18.494	-0.784
300.593	1406.634	-19.986	-0.519
301.471	1409.143	-20.84	-0.235
302.348	1411.654	-21.006	0.06
303.226	1414.166	-20.456	0.355
304.103	1416.68	-19.185	0.639
304.981	1419.194	-17.216	0.904
305.858	1421.71	-14.597	1.137
306.736	1424.227	-11.406	1.329
307.613	1426.745	-7.747	1.471
308.491	1429.265	-3.75	1.556
309.368	1431.786	0.434	1.579
310.246	1434.308	4.635	1.536
311.123	1436.831	8.674	1.426
312.001	1439.356	12.367	1.253
312.878	1441.882	15.533	1.022
313.756	1444.409	18.007	0.741
314.633	1446.937	19.646	0.422
315.511	1449.467	20.338	0.08
316.388	1451.998	20.015	-0.269
317.266	1454.53	18.654	-0.608
318.143	1457.063	16.291	-0.918
319.021	1459.598	13.018	-1.18
319.898	1462.134	8.983	-1.379
320.776	1464.671	4.391	-1.501
